13
5
0 12 12 5 9 
12 0 14 7 11
12 14 0 7 3 
5 7 7 0 4 
9 11 3 4 0 

6
0 15 4 19 10 9
15 0 11 4 5 16
4 11 0 15 6 5
19 4 15 0 9 20
10 5 6 9 0 11
9 16 5 20 11 0

4
0 4 13 3
4 0 9 7
13 9 0 16
3 7 16 0

5
0 6 22 13 28
6 0 16 7 22
22 16 0 9 6
13 7 9 0 15
28 22 6 15 0

6
0 12 3 8 17 21
12 0 15 4 5 9
3 15 0 11 20 24
8 4 11 0 9 13
17 5 20 9 0 4
21 9 24 13 4 0

4
0 5 10 14
5 0 5 9
10 5 0 14
14 9 14 0

5
0 5 7 8 12
5 0 12 13 7
7 12 0 15 19
8 13 15 0 20
12 7 19 20 0

4
0 16 8 12
16 0 8 4
8 8 0 4
12 4 4 0

5
0 7 7 16 14
7 0 14 9 7
7 14 0 23 21
16 9 23 0 16
14 7 21 16 0

4
0 18 12 3
18 0 6 15
12 6 0 9
3 15 9 0

4
0 8 9 3
8 0 17 5
9 17 0 12
3 5 12 0

4
0 11 14 3
11 0 3 8
14 3 0 11
3 8 11 0

4
0 9 5 6
9 0 14 15
5 14 0 11
6 15 11 0
